# Live2D Animator Motion Data
$fps=30

$fadein=1000

$fadeout=1000

PARAM_ANGLE_X=0,0.73,1.92,2.73,3,3,3,3,3,3,3,3,3,3,3,3,3,3,3,3,3,3,3,3,3,3,3,3,3,3,3,3,3,3,3,3,3,3,3,3,3,3,3,3,2.94,2.76,2.48,2.13,1.72,1.27,0.8,0.32,-0.14,-0.58,-0.98,-1.33,-1.61,-1.82,-1.96,-2,-2,-1.998,-1.996,-1.993,-1.989,-1.984,-1.979,-1.972,-1.964,-1.955,-1.946,-1.935,-1.923,-1.911,-1.897,-1.882,-1.866,-1.849,-1.831,-1.812,-1.79,-1.77,-1.75,-1.72,-1.7,-1.67,-1.64,-1.61,-1.58,-1.55,-1.52,-1.49,-1.45,-1.41,-1.38,-1.34,-1.3,-1.25,-1.21,-1.16,-1.12,-1.07,-1.02,-0.97,-0.92,-0.86,-0.81,-0.75,-0.69,-0.63,-0.57,-0.5,-0.44,-0.37,-0.3,-0.23,-0.16,-0.09,-0.01,0.06,0.14,0.22,0.31,0.39,0.48,0.57,0.65,0.75,0.84,0.94,1.03,1.13,1.23,1.34,1.44,1.55,1.66,1.77,1.88,2,2.12,2.24,2.35,2.47,2.59,2.7,2.82,2.93,3.05,3.16,3.27,3.39,3.5,3.61,3.72,3.82,3.93,4.04,4.14,4.25,4.35,4.45,4.55,4.65,4.75,4.85,4.94,5.03,5.12,5.21,5.3,5.39,5.47,5.56,5.64,5.72,5.8,5.87,5.94,6.02,6.09,6.15,6.22,6.28,6.34,6.4,6.46,6.51,6.56,6.61,6.65,6.7,6.74,6.77,6.81,6.84,6.87,6.9,6.92,6.94,6.96,6.974,6.985,6.993,6.998,7,6.93,6.75,6.48,6.13,5.72,5.28,4.8,4.31,3.8,3.31,2.83,2.37,1.95,1.57,1.25,0.98,0.79,0.62,0.48,0.36,0.27,0.19,0.13,0.09,0.05,0.03,0.01,0,-0.005,-0.007,-0.006,-0.003,-0.001,0,0,0,0,0,0,0,0,0,0,0,0,0,0
PARAM_ANGLE_Y=0,1.1,3.79,7.06,10.25,12.82,14.45,15,15,15,15,15,15,15,15,15,15,15,15,15,15,15,15,15,15,15,15,15,15,15,15.001,15.004,15.008,15.01,15.01,15.007,14.999,14.985,14.96,14.93,14.89,14.84,14.78,14.7,14.61,14.14,12.98,11.23,9.03,6.42,3.6,0.63,-2.39,-5.35,-8.15,-10.71,-12.86,-14.55,-15.62,-16,-15.994,-15.78,-15.54,-15.24,-14.9,-14.54,-14.14,-13.7,-13.25,-12.76,-12.25,-11.73,-11.18,-10.62,-10.06,-9.48,-8.89,-8.31,-7.72,-7.13,-6.55,-5.97,-5.4,-4.86,-4.32,-3.45,-2.63,-2.15,-2,-2.003,-2.011,-2.024,-2.043,-2.07,-2.1,-2.13,-2.17,-2.22,-2.27,-2.32,-2.38,-2.45,-2.52,-2.6,-2.68,-2.77,-2.87,-2.96,-3.07,-3.18,-3.29,-3.41,-3.54,-3.67,-3.81,-3.95,-4.1,-4.25,-4.41,-4.57,-4.74,-4.92,-5.1,-5.28,-5.48,-5.67,-5.87,-6.08,-6.29,-6.51,-6.74,-6.97,-7.2,-7.44,-7.69,-7.94,-8.2,-8.46,-8.73,-9,-9.29,-9.56,-9.83,-10.1,-10.36,-10.62,-10.88,-11.13,-11.38,-11.64,-11.89,-12.15,-12.41,-12.67,-12.94,-13.22,-13.49,-13.78,-14.07,-14.37,-14.68,-15,-15.32,-15.66,-16,-16.52,-17.15,-17.86,-18.63,-19.41,-20.19,-20.94,-21.65,-22.29,-22.87,-23.33,-23.69,-23.92,-24,-23.97,-23.86,-23.69,-23.46,-23.17,-22.82,-22.41,-21.95,-21.44,-20.87,-20.26,-19.61,-18.91,-18.17,-17.39,-16.58,-15.73,-14.86,-13.97,-13.04,-12.08,-11.12,-10.12,-9.11,-8.09,-7.05,-6,-4.88,-3.93,-3.09,-2.38,-1.76,-1.24,-0.79,-0.42,-0.11,0.14,0.34,0.5,0.62,0.7,0.75,0.78,0.79,0.78,0.75,0.71,0.66,0.6,0.54,0.47,0.4,0.34,0.27,0.21,0.15,0.1,0.06,0.03,0.007,0,0,0,0,0,0,0,0,0,0,0,0,0,0
PARAM_ANGLE_Z=0,0.71,2.24,4.16,6.16,8.01,9.56,10.63,11.09,11.14,11.14,11.17,11.18,11.21,11.23,11.25,11.27,11.3,11.32,11.335,11.35,11.38,11.4,11.424,11.44,11.461,11.48,11.5,11.53,11.54,11.56,11.579,11.6,11.63,11.65,11.67,11.69,11.71,11.727,11.745,11.763,11.78,11.81,11.84,11.88,11.91,11.93,11.947,11.957,11.96,10.52,6.73,1.26,-4.99,-11.47,-17.52,-22.69,-26.64,-29.12,-30,-29.995,-29.8,-29.55,-29.24,-28.9,-28.52,-28.11,-27.67,-27.22,-26.74,-26.27,-25.79,-25.3,-24.83,-24.35,-23.9,-23.46,-23.04,-22.65,-22.28,-21.95,-21.65,-21.4,-21.19,-21,-20.84,-20.7,-20.56,-20.45,-20.34,-20.25,-20.16,-20.07,-19.99,-19.91,-19.83,-19.75,-19.66,-19.56,-19.45,-19.34,-19.2,-19.05,-18.89,-18.7,-18.49,-18.26,-18,-17.62,-17.06,-16.36,-15.51,-14.55,-13.48,-12.3,-11.02,-9.72,-8.3,-6.87,-5.41,-3.91,-2.39,-0.86,0.66,2.15,3.62,5.06,6.45,7.78,9.06,10.24,11.35,12.36,13.26,14.07,14.74,15.28,15.67,15.92,16,15.94,15.75,15.44,15.03,14.51,13.9,13.19,12.41,11.53,10.61,9.6,8.55,7.44,6.3,5.1,3.9,2.65,1.41,0.13,-1.13,-2.41,-3.65,-4.9,-6.1,-7.3,-8.44,-9.55,-10.6,-11.61,-12.53,-13.41,-14.19,-14.9,-15.51,-16.03,-16.44,-16.75,-16.94,-17,-16.88,-16.54,-16,-15.27,-14.38,-13.34,-12.16,-10.87,-9.49,-8.02,-6.49,-4.91,-3.31,-1.69,-0.09,1.49,3.02,4.49,5.87,7.16,8.34,9.38,10.27,11,11.54,11.88,12,11.97,11.87,11.72,11.51,11.26,10.96,10.61,10.23,9.82,9.37,8.91,8.42,7.91,7.39,6.87,6.33,5.8,5.27,4.74,4.23,3.73,3.25,2.79,2.35,1.94,1.56,1.22,0.91,0.65,0.42,0.24,0.11,0.03,0,0,0,0,0,0,0,0,0,0,0,0,0,0
PARAM_EYE_L_OPEN=1,1.12,1.32,1.46,1.5,1.5,1.5,1.5,1.5,1.5,1.5,1.5,1.5,1.5,1.5,1.5,1.5,1.5,1.5,1.5,1.5,1.5,1.5,1.5,1.5,1.5,1.5,1.14,0.54,0.13,0,0,0,0.27,0.7,1.1,1.39,1.5,1.5,1.5,1.5,1.5,1.5,1.5,1.5,1.5,1.5,1.5,1.5,1.5,1.5,1.5,1.5,1.5,1.5,1.5,1.14,0.54,0.13,0,0,0,0.27,0.7,1.1,1.39,1.5,1.5,1.5,1.5,1.5,1.5,1.5,1.5,1.5,1.5,1.5,1.5,1.5,1.5,1.499,1.497,1.494,1.49,1.485,1.478,1.471,1.462,1.453,1.442,1.431,1.419,1.406,1.392,1.378,1.363,1.348,1.331,1.315,1.298,1.28,1.262,1.244,1.226,1.207,1.188,1.168,1.149,1.129,1.11,1.091,1.071,1.052,1.032,1.013,0.994,0.976,0.958,0.94,0.922,0.905,0.889,0.872,0.857,0.842,0.828,0.814,0.801,0.789,0.778,0.767,0.758,0.749,0.742,0.735,0.73,0.726,0.723,0.721,0.72,0.72,0.72,0.72,0.72,0.72,0.72,0.72,0.72,0.72,0.72,0.72,0.72,0.72,0.72,0.72,0.72,0.72,0.72,0.72,0.72,0.72,0.72,0.72,0.72,0.72,0.72,0.72,0.72,0.72,0.72,0.72,0.72,0.72,0.72,0.72,0.72,0.72,0.72,0.72,0.72,0.72,0.72,0.72,0.72,0.72,0.72,0.72,0.72,0.72,0.72,0.72,0.72,0.72,0.72,0.72,0.72,0.72,0.72,0.72,0.72,0.72,0.72,0.72,0.72,0.72,0.72,0.72,0.72,0.72,0.72,0.72,0.72,0.72,0.72,0.72,0.72,0.72,0.72,0.72,0.72,0.72,0.72,0.72,0.72,0.72,0.72,0.72,0.72,0.72,0.72,0.72,0.72,0.72,0.72,0.72,0.72,0.72,0.72,0.72,0.72,0.72,0.72,0.72,0.72,0.72,0.72,0.72,0.72,0.72,0.72,0.72,0.72,0.72
PARAM_EYE_L_SMILE=0,0,0,0,0,0,0,0.001,0.002,0.004,0.006,0.009,0.012,0.015,0.019,0.024,0.029,0.034,0.04,0.046,0.053,0.061,0.068,0.076,0.085,0.094,0.103,0.113,0.123,0.134,0.145,0.157,0.169,0.181,0.194,0.207,0.22,0.234,0.248,0.263,0.278,0.293,0.309,0.325,0.341,0.358,0.375,0.392,0.41,0.427,0.44,0.454,0.473,0.483,0.503,0.513,0.53,0.542,0.56,0.58,0.587,0.587,0.586,0.586,0.585,0.584,0.583,0.581,0.579,0.577,0.575,0.573,0.57,0.567,0.564,0.561,0.558,0.555,0.551,0.547,0.543,0.539,0.535,0.531,0.527,0.522,0.518,0.513,0.509,0.504,0.499,0.494,0.489,0.484,0.479,0.474,0.469,0.464,0.459,0.454,0.449,0.444,0.439,0.434,0.429,0.424,0.419,0.414,0.409,0.404,0.4,0.395,0.391,0.386,0.382,0.377,0.373,0.369,0.365,0.361,0.358,0.354,0.351,0.348,0.344,0.341,0.339,0.336,0.334,0.331,0.329,0.327,0.326,0.324,0.323,0.322,0.321,0.32,0.32,0.32,0.32,0.32,0.32,0.32,0.32,0.32,0.32,0.32,0.32,0.32,0.32,0.32,0.32,0.32,0.32,0.32,0.32,0.32,0.32,0.32,0.32,0.32,0.32,0.32,0.32,0.32,0.32,0.32,0.32,0.32,0.32,0.32,0.32,0.32,0.32,0.32,0.32,0.32,0.32,0.32,0.32,0.32,0.32,0.32,0.32,0.32,0.32,0.32,0.32,0.32,0.32,0.32,0.32,0.32,0.32,0.32,0.32,0.32,0.32,0.32,0.32,0.32,0.32,0.32,0.32,0.32,0.32,0.32,0.32,0.32,0.32,0.32,0.32,0.32,0.32,0.32,0.32,0.32,0.32,0.32,0.32,0.32,0.32,0.32,0.32,0.32,0.32,0.32,0.32,0.32,0.32,0.32,0.32,0.32,0.32,0.32,0.32,0.32,0.32,0.32,0.32,0.32,0.32,0.32,0.32,0.32,0.32,0.32,0.32,0.32,0.32,0.32,0.32
PARAM_EYE_R_OPEN=1,1.12,1.32,1.46,1.5,1.5,1.5,1.5,1.5,1.5,1.5,1.5,1.5,1.5,1.5,1.5,1.5,1.5,1.5,1.5,1.5,1.5,1.5,1.5,1.5,1.5,1.5,1.14,0.54,0.13,0,0,0,0.27,0.7,1.1,1.39,1.5,1.5,1.5,1.5,1.5,1.5,1.5,1.5,1.5,1.5,1.5,1.5,1.5,1.5,1.5,1.5,1.5,1.5,1.5,1.14,0.54,0.13,0,0,0,0.27,0.7,1.1,1.39,1.5,1.5,1.5,1.5,1.5,1.5,1.5,1.5,1.5,1.5,1.5,1.5,1.5,1.5,1.499,1.498,1.494,1.49,1.485,1.478,1.471,1.463,1.453,1.443,1.432,1.42,1.407,1.394,1.38,1.365,1.35,1.334,1.317,1.3,1.283,1.265,1.247,1.229,1.211,1.192,1.173,1.153,1.134,1.115,1.096,1.077,1.057,1.038,1.019,1.001,0.983,0.965,0.947,0.93,0.913,0.896,0.88,0.865,0.85,0.836,0.823,0.81,0.798,0.787,0.777,0.767,0.759,0.752,0.745,0.74,0.736,0.732,0.731,0.73,0.73,0.73,0.73,0.73,0.73,0.73,0.73,0.73,0.73,0.73,0.73,0.73,0.73,0.73,0.73,0.73,0.73,0.73,0.73,0.73,0.73,0.73,0.73,0.73,0.73,0.73,0.73,0.73,0.73,0.73,0.73,0.73,0.73,0.73,0.73,0.73,0.73,0.73,0.73,0.73,0.73,0.73,0.73,0.73,0.73,0.73,0.73,0.73,0.73,0.73,0.73,0.73,0.73,0.73,0.73,0.73,0.73,0.73,0.73,0.73,0.73,0.73,0.73,0.73,0.73,0.73,0.73,0.73,0.73,0.73,0.73,0.73,0.73,0.73,0.73,0.73,0.73,0.73,0.73,0.73,0.73,0.73,0.73,0.73,0.73,0.73,0.73,0.73,0.73,0.73,0.73,0.73,0.73,0.73,0.73,0.73,0.73,0.73,0.73,0.73,0.73,0.73,0.73,0.73,0.73,0.73,0.73,0.73,0.73,0.73,0.73,0.73,0.73
PARAM_EYE_R_SMILE=0,0,0,0,0,0,0,0.001,0.002,0.004,0.006,0.009,0.012,0.015,0.019,0.024,0.029,0.034,0.04,0.046,0.053,0.061,0.068,0.076,0.085,0.094,0.103,0.113,0.123,0.134,0.145,0.157,0.169,0.181,0.194,0.207,0.22,0.234,0.248,0.263,0.278,0.293,0.309,0.325,0.341,0.358,0.375,0.392,0.41,0.427,0.44,0.454,0.473,0.483,0.503,0.513,0.53,0.542,0.56,0.58,0.587,0.587,0.586,0.586,0.585,0.584,0.582,0.58,0.579,0.576,0.574,0.571,0.569,0.566,0.563,0.559,0.556,0.552,0.548,0.544,0.54,0.536,0.531,0.527,0.522,0.518,0.513,0.508,0.503,0.498,0.493,0.487,0.482,0.477,0.471,0.466,0.461,0.455,0.45,0.444,0.439,0.433,0.428,0.422,0.417,0.412,0.406,0.401,0.396,0.391,0.386,0.381,0.376,0.371,0.366,0.362,0.357,0.353,0.349,0.345,0.341,0.337,0.333,0.33,0.326,0.323,0.32,0.317,0.315,0.312,0.31,0.308,0.306,0.305,0.303,0.302,0.301,0.301,0.3,0.3,0.3,0.3,0.3,0.3,0.3,0.3,0.3,0.3,0.3,0.3,0.3,0.3,0.3,0.3,0.3,0.3,0.3,0.3,0.3,0.3,0.3,0.3,0.3,0.3,0.3,0.3,0.3,0.3,0.3,0.3,0.3,0.3,0.3,0.3,0.3,0.3,0.3,0.3,0.3,0.3,0.3,0.3,0.3,0.3,0.3,0.3,0.3,0.3,0.3,0.3,0.3,0.3,0.3,0.3,0.3,0.3,0.3,0.3,0.3,0.3,0.3,0.3,0.3,0.3,0.3,0.3,0.3,0.3,0.3,0.3,0.3,0.3,0.3,0.3,0.3,0.3,0.3,0.3,0.3,0.3,0.3,0.3,0.3,0.3,0.3,0.3,0.3,0.3,0.3,0.3,0.3,0.3,0.3,0.3,0.3,0.3,0.3,0.3,0.3,0.3,0.3,0.3,0.3,0.3,0.3,0.3,0.3,0.3,0.3,0.3,0.3,0.3,0.3
PARAM_EYE_BALL_X=0,-0.06,-0.16,-0.23,-0.25,-0.25,-0.25,-0.25,-0.25,-0.25,-0.25,-0.25,-0.25,-0.25,-0.25,-0.25,-0.25,-0.25,-0.25,-0.25,-0.25,-0.25,-0.25,-0.25,-0.25,-0.25,-0.25,-0.25,-0.25,-0.25,-0.25,-0.25,-0.25,-0.25,-0.25,-0.25,-0.25,-0.25,-0.25,-0.25,-0.25,-0.25,-0.25,-0.25,-0.246,-0.235,-0.217,-0.19,-0.17,-0.13,-0.1,-0.07,-0.03,0.01,0.04,0.08,0.11,0.14,0.17,0.19,0.21,0.24,0.26,0.28,0.3,0.32,0.345,0.364,0.383,0.401,0.418,0.435,0.451,0.466,0.481,0.495,0.508,0.522,0.534,0.546,0.557,0.568,0.578,0.588,0.597,0.606,0.614,0.622,0.629,0.636,0.642,0.648,0.654,0.659,0.663,0.667,0.671,0.675,0.678,0.68,0.683,0.685,0.686,0.688,0.689,0.689,0.69,0.69,0.688,0.684,0.676,0.666,0.654,0.639,0.622,0.603,0.58,0.56,0.54,0.51,0.48,0.45,0.42,0.39,0.35,0.31,0.28,0.25,0.22,0.2,0.17,0.153,0.135,0.12,0.108,0.098,0.09,0.084,0.081,0.08,0.084,0.095,0.114,0.14,0.17,0.2,0.24,0.28,0.32,0.37,0.42,0.46,0.51,0.56,0.6,0.65,0.69,0.72,0.76,0.79,0.81,0.833,0.848,0.857,0.86,0.846,0.81,0.74,0.66,0.57,0.46,0.35,0.23,0.11,-0.01,-0.13,-0.25,-0.36,-0.46,-0.55,-0.63,-0.7,-0.75,-0.78,-0.79,-0.783,-0.763,-0.73,-0.69,-0.64,-0.59,-0.53,-0.47,-0.4,-0.34,-0.28,-0.22,-0.17,-0.12,-0.08,-0.05,-0.02,-0.005,0,0,0,0,0,0,0,0,0,0,0,0,0,0,0,0,0,0,0,0,0,0,0,0,0,0,0,0,0,0,0,0,0,0,0,0,0,0,0,0,0,0,0,0,0,0,0,0,0,0
PARAM_EYE_BALL_Y=0,-0.08,-0.21,-0.3,-0.33,-0.33,-0.33,-0.33,-0.33,-0.33,-0.33,-0.33,-0.33,-0.33,-0.33,-0.33,-0.33,-0.33,-0.33,-0.33,-0.33,-0.33,-0.33,-0.33,-0.33,-0.33,-0.33,-0.33,-0.33,-0.33,-0.33,-0.33,-0.33,-0.33,-0.33,-0.33,-0.33,-0.33,-0.33,-0.33,-0.33,-0.33,-0.33,-0.33,-0.322,-0.3,-0.26,-0.22,-0.16,-0.1,-0.04,0.02,0.08,0.14,0.19,0.24,0.28,0.31,0.324,0.33,0.33,0.33,0.33,0.33,0.33,0.33,0.33,0.33,0.33,0.33,0.33,0.33,0.33,0.33,0.33,0.33,0.33,0.33,0.33,0.33,0.33,0.33,0.33,0.33,0.33,0.33,0.33,0.33,0.33,0.33,0.33,0.33,0.33,0.33,0.33,0.33,0.33,0.33,0.33,0.33,0.33,0.33,0.33,0.33,0.33,0.33,0.33,0.33,0.33,0.33,0.33,0.33,0.33,0.33,0.33,0.33,0.33,0.33,0.33,0.331,0.33,0.33,0.33,0.329,0.328,0.326,0.324,0.321,0.317,0.313,0.307,0.301,0.294,0.286,0.276,0.266,0.254,0.241,0.226,0.21,0.19,0.17,0.14,0.11,0.08,0.05,0.02,-0.01,-0.05,-0.08,-0.12,-0.15,-0.19,-0.22,-0.25,-0.28,-0.31,-0.33,-0.35,-0.373,-0.39,-0.403,-0.412,-0.418,-0.42,-0.419,-0.416,-0.412,-0.406,-0.398,-0.389,-0.379,-0.368,-0.356,-0.342,-0.328,-0.313,-0.297,-0.281,-0.264,-0.246,-0.228,-0.209,-0.19,-0.17,-0.15,-0.129,-0.112,-0.095,-0.081,-0.067,-0.056,-0.045,-0.036,-0.028,-0.022,-0.016,-0.011,-0.008,-0.005,-0.003,-0.001,0,0,0,0,0,0,0,0,0,0,0,0,0,0,0,0,0,0,0,0,0,0,0,0,0,0,0,0,0,0,0,0,0,0,0,0,0,0,0,0,0,0,0,0,0,0,0,0,0,0,0
PARAM_EYE_ZOOM=0
PARAM_BROW_L_Y=0
PARAM_BROW_R_Y=0
PARAM_BROW_L_FORM=0
PARAM_BROW_R_FORM=0
PARAM_MOUTH_FORM=1,0.52,-0.28,-0.82,-1,-1,-1,-1,-1,-0.999,-0.998,-0.997,-0.997,-0.996,-0.995,-0.995,-0.994,-0.993,-0.992,-0.99,-0.988,-0.987,-0.985,-0.983,-0.982,-0.98,-0.977,-0.976,-0.974,-0.971,-0.969,-0.967,-0.964,-0.959,-0.955,-0.95,-0.946,-0.941,-0.936,-0.932,-0.927,-0.922,-0.917,-0.913,-0.908,-0.903,-0.898,-0.893,-0.888,-0.883,-0.878,-0.873,-0.868,-0.863,-0.858,-0.852,-0.847,-0.842,-0.836,-0.831,-0.825,-0.819,-0.813,-0.808,-0.803,-0.798,-0.793,-0.787,-0.781,-0.773,-0.766,-0.757,-0.746,-0.735,-0.722,-0.707,-0.69,-0.672,-0.65,-0.63,-0.61,-0.59,-0.569,-0.55,-0.53,-0.507,-0.49,-0.466,-0.45,-0.426,-0.405,-0.385,-0.365,-0.345,-0.325,-0.305,-0.285,-0.266,-0.246,-0.227,-0.207,-0.188,-0.169,-0.15,-0.131,-0.113,-0.094,-0.076,-0.058,-0.04,-0.022,-0.004,0.013,0.031,0.048,0.064,0.081,0.098,0.114,0.13,0.146,0.161,0.177,0.192,0.207,0.221,0.235,0.249,0.263,0.277,0.29,0.303,0.315,0.328,0.34,0.351,0.363,0.374,0.385,0.395,0.405,0.415,0.424,0.433,0.442,0.45,0.458,0.465,0.473,0.479,0.486,0.492,0.497,0.502,0.507,0.511,0.515,0.519,0.522,0.524,0.526,0.528,0.529,0.53,0.53,0.53,0.53,0.53,0.53,0.53,0.53,0.53,0.53,0.53,0.53,0.53,0.53,0.53,0.53,0.53,0.53,0.53,0.53,0.53,0.53,0.53,0.53,0.53,0.53,0.53,0.53,0.53,0.53,0.53,0.53,0.53,0.53,0.53,0.53,0.53,0.53,0.53,0.53,0.53,0.53,0.53,0.53,0.53,0.53,0.53,0.53,0.53,0.53,0.53,0.53,0.53,0.53,0.53,0.53,0.53,0.53,0.53,0.53,0.53,0.53,0.53,0.53,0.53,0.53,0.53,0.53,0.53,0.53,0.53,0.53,0.53,0.53,0.53,0.53,0.53,0.53,0.53,0.53,0.53,0.53,0.53,0.53,0.53,0.53,0.53,0.53,0.53,0.53
PARAM_MOUTH_OPEN_Y=0,0,0,0,0.04,0.13,0.25,0.36,0.45,0.49,0.33,0.27,0.35,0.48,0.57,0.6,0.54,0.41,0.11,0.05,0.35,0.64,0.57,0.46,0.39,0.37,0.43,0.54,0.62,0.64,0.56,0.42,0.34,0.361,0.39,0.42,0.425,0.4,0.395,0.42,0.47,0.49,0.37,0.18,0.04,0,0,0,0,0,0,0,0,0,0,0,0,0,0,0,0,0,0.04,0.13,0.25,0.36,0.45,0.49,0.33,0.27,0.35,0.48,0.57,0.6,0.54,0.41,0.11,0.05,0.35,0.64,0.57,0.46,0.39,0.37,0.43,0.54,0.62,0.64,0.6,0.5,0.34,0.15,0.05,0.01,0,0,0,0,0.001,0.001,0.002,0.003,0.004,0.005,0.007,0.008,0.01,0.73,1,1,1,1,1,1,1,0.67,0.03,0.18,0.44,0.61,0.67,0.59,0.47,0.38,0.35,0.64,0.75,0.23,0.02,0,0,0.004,0.05,0.2,0.52,0.8,0.95,1,1,1,1,0.43,0.04,0.01,0.73,1,1,1,1,1,1,1,0.67,0.03,0.18,0.44,0.61,0.67,0.59,0.47,0.38,0.35,0.64,0.75,0.23,0.02,0,0,0,0,0,0,0,0,0,0,0.3,0.23,0.11,0.03,0,0,0,0,0,0,0,0,0,0,0,0,0,0,0,0,0,0,0,0,0,0,0,0,0,0,0,0,0,0,0,0,0,0,0,0,0,0,0,0,0,0,0,0,0,0,0,0,0,0,0,0,0,0,0,0,0,0,0,0,0,0,0,0,0,0,0,0,0,0,0,0,0
PARAM_MOUTH_ZOOM=0
PARAM_CHEEK=0,0,0,0,0.001,0.001,0.002,0.003,0.003,0.004,0.005,0.006,0.007,0.009,0.01,0.011,0.013,0.015,0.016,0.018,0.02,0.022,0.024,0.026,0.029,0.031,0.033,0.036,0.038,0.041,0.044,0.047,0.05,0.053,0.056,0.059,0.062,0.065,0.069,0.072,0.076,0.079,0.083,0.086,0.09,0.094,0.098,0.102,0.106,0.11,0.114,0.118,0.123,0.127,0.131,0.136,0.14,0.145,0.15,0.154,0.159,0.164,0.169,0.173,0.178,0.183,0.188,0.193,0.199,0.204,0.209,0.214,0.219,0.225,0.23,0.236,0.241,0.247,0.252,0.258,0.263,0.269,0.274,0.28,0.286,0.292,0.297,0.303,0.309,0.315,0.321,0.327,0.333,0.339,0.345,0.351,0.357,0.363,0.369,0.375,0.381,0.387,0.393,0.399,0.406,0.412,0.418,0.424,0.43,0.437,0.443,0.449,0.455,0.462,0.468,0.474,0.48,0.487,0.493,0.499,0.505,0.512,0.518,0.524,0.531,0.537,0.543,0.549,0.556,0.562,0.568,0.574,0.58,0.587,0.593,0.599,0.605,0.611,0.617,0.623,0.63,0.636,0.642,0.648,0.654,0.66,0.666,0.672,0.677,0.683,0.689,0.695,0.701,0.707,0.712,0.718,0.724,0.729,0.735,0.741,0.746,0.752,0.757,0.763,0.768,0.773,0.779,0.784,0.789,0.794,0.799,0.805,0.81,0.815,0.82,0.825,0.829,0.834,0.839,0.844,0.848,0.853,0.858,0.862,0.866,0.871,0.875,0.88,0.884,0.888,0.892,0.896,0.9,0.904,0.908,0.911,0.915,0.919,0.922,0.926,0.929,0.933,0.936,0.939,0.942,0.945,0.948,0.951,0.954,0.957,0.96,0.962,0.965,0.967,0.97,0.972,0.974,0.976,0.978,0.98,0.982,0.984,0.986,0.987,0.989,0.99,0.992,0.993,0.994,0.995,0.996,0.997,0.997,0.998,0.999,0.999,1,1,1,1,1,1,1,1,1,1,1,1,1,1,1,1,1
PARAM_BODY_ANGLE_X=0,0.04,0.14,0.3,0.52,0.78,1.09,1.44,1.81,2.21,2.63,3.07,3.52,3.98,4.44,4.9,5.36,5.8,6.24,6.65,7.05,7.41,7.75,8.06,8.33,8.56,8.75,8.89,8.97,9,8.98,8.91,8.81,8.67,8.49,8.28,8.03,7.76,7.46,7.13,6.78,6.42,6.03,5.63,5.22,4.79,4.36,3.91,3.47,3.02,2.57,2.13,1.68,1.24,0.82,0.4,0,-0.38,-0.75,-1.1,-1.42,-1.73,-2,-2.27,-2.52,-2.78,-3.02,-3.26,-3.5,-3.73,-3.95,-4.17,-4.38,-4.59,-4.8,-4.99,-5.19,-5.38,-5.56,-5.74,-5.91,-6.08,-6.25,-6.4,-6.56,-6.71,-6.86,-7,-7.14,-7.27,-7.41,-7.53,-7.65,-7.77,-7.89,-8,-8.1,-8.21,-8.3,-8.4,-8.49,-8.58,-8.67,-8.75,-8.83,-8.91,-8.98,-9.05,-9.12,-9.18,-9.24,-9.3,-9.36,-9.41,-9.46,-9.51,-9.55,-9.59,-9.63,-9.67,-9.71,-9.74,-9.77,-9.8,-9.82,-9.85,-9.87,-9.892,-9.91,-9.926,-9.941,-9.954,-9.965,-9.975,-9.983,-9.989,-9.994,-9.997,-9.999,-10,-9.99,-9.96,-9.91,-9.84,-9.75,-9.64,-9.51,-9.37,-9.2,-9.02,-8.82,-8.6,-8.36,-8.1,-7.83,-7.54,-7.23,-6.9,-6.56,-6.19,-5.81,-5.41,-5,-4.56,-4.11,-3.65,-3.15,-2.65,-2.13,-1.59,-1.03,-0.45,0.16,0.76,1.34,1.9,2.44,2.97,3.47,3.96,4.42,4.87,5.29,5.71,6.09,6.47,6.82,7.15,7.47,7.76,8.04,8.3,8.54,8.76,8.96,9.14,9.31,9.45,9.58,9.69,9.79,9.86,9.92,9.97,9.99,10,9.88,9.56,9.08,8.47,7.77,7.01,6.19,5.37,4.53,3.73,2.97,2.26,1.63,1.1,0.68,0.4,0.26,0.2,0.15,0.11,0.08,0.05,0.031,0.016,0.006,-0.001,-0.005,-0.007,-0.007,-0.006,-0.004,-0.002,-0.001,0,0,0,0,0,0,0,0,0,0,0,0,0,0
PARAM_BODY_ANGLE_Y=0,0,0,0,0,0,0,0,0,0,0,-0.001,-0.001,-0.001,-0.001,-0.001,-0.001,-0.001,-0.001,-0.001,-0.002,-0.002,-0.002,-0.002,-0.002,-0.002,-0.002,-0.002,-0.002,-0.003,-0.003,-0.003,-0.003,-0.003,-0.003,-0.003,-0.003,-0.003,-0.003,-0.003,0.16,0.56,1.11,1.75,2.41,3.07,3.69,4.21,4.63,4.9,5,4.72,4,2.96,1.77,0.53,-0.62,-1.61,-2.36,-2.83,-3,-3,-3,-3,-3,-3,-3,-3,-3,-3,-3,-3.007,-3.024,-3.043,-3.059,-3.064,-3.054,-3.02,-2.97,-2.88,-2.77,-2.62,-2.44,-2.22,-1.93,-1.65,-1.36,-1.07,-0.79,-0.5,-0.21,0.08,0.38,0.67,0.95,1.24,1.52,1.8,2.08,2.36,2.63,2.9,3.17,3.43,3.69,3.95,4.19,4.44,4.67,4.91,5.14,5.35,5.57,5.77,5.97,6.16,6.35,6.52,6.69,6.85,7,7.14,7.27,7.39,7.5,7.61,7.7,7.77,7.84,7.9,7.94,7.97,7.994,8,7.97,7.87,7.7,7.48,7.21,6.89,6.52,6.11,5.66,5.17,4.65,4.11,3.54,2.96,2.36,1.75,1.13,0.5,-0.13,-0.75,-1.36,-1.96,-2.54,-3.11,-3.65,-4.17,-4.66,-5.11,-5.52,-5.89,-6.21,-6.48,-6.7,-6.87,-6.97,-7,-6.981,-6.93,-6.84,-6.72,-6.58,-6.41,-6.22,-6.01,-5.78,-5.53,-5.28,-5.01,-4.73,-4.44,-4.15,-3.86,-3.56,-3.26,-2.97,-2.68,-2.39,-2.12,-1.85,-1.59,-1.35,-1.13,-0.91,-0.72,-0.55,-0.4,-0.27,-0.16,-0.09,-0.04,-0.02,-0.018,-0.016,-0.014,-0.012,-0.01,-0.009,-0.007,-0.006,-0.005,-0.004,-0.003,-0.002,-0.002,-0.001,-0.001,0,0,0,0,0.001,0.001,0.001,0.001,0.001,0.001,0.001,0.001,0,0,0,0,0,0,0,0,0,0,0,0,0,0,0,0,0,0,0,0,0
PARAM_BODY_ANGLE_Z=0,-0.001,-0.006,-0.013,-0.023,-0.036,-0.051,-0.069,-0.089,-0.11,-0.14,-0.16,-0.19,-0.22,-0.25,-0.29,-0.32,-0.36,-0.4,-0.44,-0.48,-0.52,-0.56,-0.61,-0.65,-0.7,-0.74,-0.79,-0.83,-0.88,-0.93,-0.98,-1.02,-1.07,-1.12,-1.17,-1.21,-1.26,-1.3,-1.35,-1.39,-1.44,-1.48,-1.52,-1.56,-1.6,-1.64,-1.68,-1.71,-1.75,-1.78,-1.81,-1.84,-1.86,-1.89,-1.91,-1.931,-1.949,-1.964,-1.977,-1.987,-1.994,-1.999,-2,-2,-2,-2,-2,-2,-2,-2,-2,-2,-2,-2,-2,-2,-2,-2,-2,-2.001,-1.98,-1.91,-1.81,-1.68,-1.53,-1.37,-1.2,-1.02,-0.85,-0.68,-0.53,-0.38,-0.25,-0.15,-0.07,-0.02,0,-0.06,-0.24,-0.51,-0.88,-1.31,-1.79,-2.32,-2.87,-3.43,-3.99,-4.53,-5.04,-5.52,-5.94,-6.3,-6.6,-6.82,-6.95,-7,-6.998,-6.992,-6.982,-6.969,-6.951,-6.93,-6.9,-6.88,-6.84,-6.81,-6.76,-6.72,-6.67,-6.62,-6.56,-6.5,-6.44,-6.37,-6.3,-6.23,-6.15,-6.07,-5.98,-5.89,-5.8,-5.7,-5.6,-5.49,-5.38,-5.27,-5.16,-5.04,-4.91,-4.79,-4.66,-4.52,-4.39,-4.24,-4.1,-3.94,-3.87,-3.75,-3.64,-3.52,-3.37,-3.25,-3.15,-3.04,-2.93,-2.79,-2.64,-2.51,-2.37,-2.24,-2.11,-1.99,-1.87,-1.76,-1.64,-1.54,-1.43,-1.33,-1.23,-1.14,-1.05,-0.96,-0.88,-0.8,-0.72,-0.65,-0.58,-0.52,-0.46,-0.4,-0.35,-0.3,-0.26,-0.22,-0.18,-0.14,-0.11,-0.09,-0.06,-0.044,-0.028,-0.016,-0.007,-0.002,0,0,0,0,0,0,0,0,0,0,0,0,0,0,0,0,0,0,0,0,0,0,0,0,0,0,0,0,0,0,0,0,0,0,0,0,0,0,0,0,0,0,0,0,0,0,0,0
PARAM_BODY_SWIFT_X=0
PARAM_BODY_SWIFT_Y=0
PARAM_LEG_L=-2.56,-2.46,-2.22,-1.85,-1.39,-0.89,-0.34,0.19,0.68,1.12,1.49,1.77,1.94,2,2,2,2,2,2,2,2,2,2,2,2,2,2,2,2,2,2,2,2,2,2,2,2,2,2,2,2,2,2,2,2,2,2,1.94,1.76,1.48,1.12,0.7,0.24,-0.25,-0.75,-1.24,-1.7,-2.12,-2.48,-2.76,-2.94,-3,-3,-3,-3,-3,-3,-3,-3,-3,-3,-3,-3,-3,-3,-3,-3,-3,-3,-3,-3,-3,-3,-3,-3,-3,-3,-3,-3,-3,-3,-3,-3,-3,-3,-3,-3.02,-3.08,-3.17,-3.28,-3.43,-3.59,-3.77,-3.96,-4.16,-4.37,-4.58,-4.78,-4.98,-5.17,-5.35,-5.5,-5.65,-5.77,-5.87,-5.94,-5.98,-6,-6,-6,-6,-6,-6,-6,-6,-6,-6,-6,-6,-6,-6,-6,-6,-6,-6,-6,-6,-6,-6,-6,-6,-6,-6,-6,-6,-6,-6,-6,-6,-6,-6,-6,-6,-6,-6,-6,-6,-6,-6,-6,-6,-6,-6,-6,-6,-6,-6,-6,-6,-6,-6,-6,-6,-6,-6,-6,-6,-6,-6,-6,-6,-6,-6,-6,-6,-6,-6,-6,-6,-6,-6,-6,-6,-6,-6,-6,-6,-6,-6,-6,-6,-6,-6,-6,-6,-6,-6,-6,-6,-6,-6,-6,-6,-6,-6,-6,-6,-6,-6,-6,-6,-6,-6,-6,-6,-6,-6,-6,-6,-6,-6,-6,-6,-6,-6,-6,-6,-6,-6,-6,-6,-6,-6,-6,-6,-6,-6,-6,-6,-6,-6,-6,-6
PARAM_LEG_L_Y=-3.68,-3.65,-3.56,-3.42,-3.25,-3.07,-2.87,-2.67,-2.49,-2.32,-2.19,-2.09,-2.02,-2,-2,-2,-2,-2,-2,-2,-2,-2,-2,-2,-2,-2,-2,-2,-2,-2,-2,-2,-2,-2,-2,-2,-2,-2,-2,-2,-2,-2,-2,-2,-2,-2,-2,-2.03,-2.1,-2.21,-2.35,-2.52,-2.71,-2.9,-3.1,-3.29,-3.48,-3.65,-3.79,-3.9,-3.97,-4,-4,-4,-4,-4,-4,-4,-4,-4,-4,-4,-4,-4,-4,-4,-4,-4,-4,-4,-4,-4,-4,-4,-4,-4,-4,-4,-4,-4,-4,-4,-4,-4,-4,-4,-4,-4,-4,-4,-4,-4,-4,-4,-4,-4,-4,-4,-4,-4,-4,-4,-4,-4,-4,-4,-4,-4,-4,-4,-4,-4,-4,-4,-4,-4,-4,-4,-4,-4,-4,-4,-4,-4,-4,-4,-4,-4,-4,-4,-4,-4,-4,-4,-4,-4,-4,-4,-4,-4,-4,-4,-4,-4,-4,-4,-4,-4,-4,-4,-4,-4,-4,-4,-4,-4,-4,-4,-4,-4,-4,-4,-4,-4,-4,-4,-4,-4,-4,-4,-4,-4,-4,-4,-4,-4,-4,-4,-4,-4,-4,-4,-4,-4,-4,-4,-4,-4,-4,-4,-4,-4,-4,-4,-4,-4,-4,-4,-4,-4,-4,-4,-4,-4,-4,-4,-4,-4,-4,-4,-4,-4,-4,-4,-4,-4,-4,-4,-4,-4,-4,-4,-4,-4,-4,-4,-4,-4,-4,-4,-4,-4,-4,-4,-4,-4,-4,-4,-4,-4,-4,-4,-4
PARAM_BREATH=0
PARAM_STEAM=0
PARAM_STEAM_SHOW=0
PARAM_ARM_L=0,0.001,0.004,0.008,0.014,0.021,0.03,0.04,0.052,0.064,0.077,0.091,0.106,0.121,0.137,0.153,0.169,0.186,0.203,0.22,0.236,0.253,0.269,0.284,0.299,0.314,0.328,0.341,0.353,0.364,0.374,0.383,0.391,0.398,0.403,0.407,0.409,0.41,0.41,0.41,0.41,0.41,0.41,0.41,0.41,0.41,0.41,0.41,0.41,0.41,0.41,0.41,0.41,0.29,-0.02,-0.48,-1.02,-1.57,-2.11,-2.57,-2.88,-3,-3,-3,-3,-3,-3,-3,-3,-3,-3,-3,-3,-3,-3,-3,-3,-3,-3,-3,-3,-3,-3,-3,-3,-3,-3,-3,-3,-3,-3,-3,-3,-3,-3,-3,-3.04,-3.15,-3.33,-3.57,-3.85,-4.18,-4.55,-4.92,-5.33,-5.74,-6.16,-6.56,-6.96,-7.34,-7.69,-8.01,-8.29,-8.54,-8.73,-8.88,-8.97,-9,-9,-9,-9,-9,-9,-9,-9,-9,-9,-9,-9,-9,-9,-9,-9,-9,-9,-9,-9,-9,-9,-9,-9,-9,-9,-9,-9,-9,-9,-9,-9,-9,-9,-9,-9,-9,-9,-9,-9,-9,-9,-9,-9,-9,-9,-9,-9,-9,-9,-9,-9,-9,-9,-9,-9,-9,-9,-9,-9,-9,-9,-9,-9,-9,-9,-9,-9,-9,-9,-9,-9,-9,-9,-9,-9,-9,-9,-9,-9,-9,-9,-9,-9,-9,-9,-9,-9,-9,-9,-9,-9,-9,-9,-9,-9,-9,-9,-9,-9,-9,-9,-9,-9,-9,-9,-9,-9,-9,-9,-9,-9,-9,-9,-9,-9,-9,-9,-9,-9,-9,-9,-9,-9,-9,-9,-9,-9,-9,-9,-9,-9,-9,-9,-9,-9
PARAM_ARM_L_Y=0,-0.003,-0.01,-0.022,-0.038,-0.058,-0.08,-0.11,-0.14,-0.17,-0.21,-0.25,-0.29,-0.33,-0.37,-0.41,-0.46,-0.5,-0.55,-0.59,-0.64,-0.68,-0.73,-0.77,-0.81,-0.85,-0.88,-0.92,-0.95,-0.98,-1.01,-1.03,-1.06,-1.074,-1.088,-1.098,-1.104,-1.107,-1.107,-1.107,-1.11,-1.11,-1.107,-1.107,-1.107,-1.11,-1.11,-1.11,-1.11,-1.11,-1.11,-1.11,-1.11,-1.27,-1.7,-2.33,-3.08,-3.85,-4.6,-5.23,-5.66,-5.83,-5.83,-5.83,-5.83,-5.83,-5.83,-5.826,-5.83,-5.826,-5.83,-5.83,-5.826,-5.826,-5.826,-5.826,-5.83,-5.826,-5.826,-5.83,-5.826,-5.826,-5.83,-5.83,-5.83,-5.83,-5.83,-5.83,-5.83,-5.83,-5.83,-5.83,-5.83,-5.83,-5.83,-5.83,-5.85,-5.91,-6,-6.13,-6.28,-6.45,-6.64,-6.84,-7.06,-7.28,-7.5,-7.71,-7.92,-8.12,-8.31,-8.48,-8.63,-8.76,-8.86,-8.94,-8.98,-9,-8.96,-8.86,-8.7,-8.48,-8.22,-7.9,-7.54,-7.14,-6.72,-6.26,-5.78,-5.27,-4.75,-4.21,-3.67,-3.13,-2.57,-2.01,-1.47,-0.93,-0.4,0.12,0.61,1.09,1.54,1.96,2.35,2.71,3.03,3.31,3.55,3.74,3.88,3.97,4,4,4,4,4,4,4,4,4,4,4,4,4,4,4,4,4,4,4,4,4,4,4,4,4,4,4,4,3.95,3.81,3.58,3.28,2.93,2.51,2.05,1.56,1.04,0.49,-0.07,-0.64,-1.22,-1.78,-2.33,-2.88,-3.39,-3.87,-4.33,-4.73,-5.09,-5.4,-5.66,-5.84,-5.96,-6,-5.984,-5.94,-5.86,-5.76,-5.63,-5.48,-5.31,-5.11,-4.91,-4.69,-4.45,-4.21,-3.96,-3.7,-3.43,-3.17,-2.9,-2.64,-2.37,-2.12,-1.87,-1.62,-1.4,-1.17,-0.97,-0.78,-0.61,-0.46,-0.32,-0.21,-0.12,-0.05,-0.01,0,0,0,0,0,0,0,0,0,0,0,0,0,0
PARAM_ARM_L_1=0,0.19,0.67,1.37,2.24,3.2,4.21,5.23,6.23,7.15,7.99,8.68,9.23,9.58,9.7,9.696,9.686,9.67,9.65,9.62,9.6,9.57,9.53,9.5,9.46,9.43,9.39,9.36,9.32,9.29,9.26,9.23,9.21,9.18,9.167,9.154,9.146,9.143,9.14,9.14,9.143,9.143,9.14,9.143,9.143,9.14,9.14,9.14,9.14,9.14,9.14,9.14,9.14,8.83,7.99,6.76,5.32,3.82,2.38,1.16,0.31,0,0,0,0,0,0,0,0,0,0,0,0,0,0,0,0,0,0,0,0,0,0,0,0,0,0,0,0,0,0,0,0,0,0,0,-0.07,-0.25,-0.55,-0.95,-1.42,-1.96,-2.58,-3.21,-3.88,-4.57,-5.26,-5.93,-6.6,-7.23,-7.82,-8.35,-8.82,-9.23,-9.56,-9.8,-9.95,-10,-10,-10,-10,-10,-10,-10,-10,-10,-10,-10,-10,-10,-10,-10,-10,-10,-10,-10,-10,-10,-10,-10,-10,-10,-10,-10,-10,-10,-10,-10,-10,-10,-10,-10,-10,-10,-10,-10,-10,-10,-10,-10,-10,-10,-10,-10,-10,-10,-10,-10,-10,-10,-10,-10,-10,-10,-10,-10,-10,-10,-10,-10,-9.94,-9.77,-9.5,-9.14,-8.72,-8.22,-7.66,-7.07,-6.45,-5.79,-5.12,-4.43,-3.74,-3.06,-2.4,-1.75,-1.14,-0.55,-0.01,0.48,0.91,1.29,1.59,1.81,1.95,2,1.995,1.979,1.95,1.92,1.88,1.83,1.77,1.7,1.64,1.56,1.48,1.4,1.32,1.23,1.14,1.06,0.97,0.88,0.79,0.71,0.62,0.54,0.47,0.39,0.32,0.26,0.2,0.15,0.11,0.07,0.04,0.02,0.005,0,0,0,0,0,0,0,0,0,0,0,0,0,0
PARAM_HAND_2=0,0,0,-0.001,-0.001,-0.002,-0.002,-0.003,-0.004,-0.005,-0.006,-0.007,-0.008,-0.009,-0.01,-0.011,-0.012,-0.013,-0.015,-0.016,-0.017,-0.018,-0.019,-0.021,-0.022,-0.023,-0.024,-0.025,-0.026,-0.026,-0.027,-0.028,-0.028,-0.029,-0.029,-0.029,-0.03,-0.03,-0.03,-0.03,-0.03,-0.03,-0.03,-0.03,-0.03,-0.03,-0.03,-0.03,-0.03,-0.03,-0.03,-0.03,-0.03,-0.032,-0.037,-0.045,-0.055,-0.064,-0.074,-0.082,-0.087,-0.089,-0.09,-0.089,-0.09,-0.089,-0.089,-0.089,-0.089,-0.089,-0.089,-0.09,-0.09,-0.089,-0.089,-0.089,-0.089,-0.089,-0.09,-0.089,-0.089,-0.089,-0.089,-0.089,-0.09,-0.09,-0.089,-0.089,-0.089,-0.089,-0.09,-0.09,-0.09,-0.089,-0.089,-0.09,-0.092,-0.099,-0.109,-0.124,-0.141,-0.16,-0.18,-0.21,-0.23,-0.25,-0.28,-0.3,-0.33,-0.35,-0.37,-0.39,-0.408,-0.422,-0.434,-0.443,-0.448,-0.45,-0.449,-0.447,-0.443,-0.438,-0.433,-0.425,-0.417,-0.409,-0.399,-0.389,-0.378,-0.367,-0.355,-0.343,-0.331,-0.319,-0.306,-0.294,-0.282,-0.27,-0.258,-0.247,-0.236,-0.225,-0.215,-0.205,-0.197,-0.189,-0.182,-0.175,-0.17,-0.166,-0.163,-0.161,-0.16,-0.16,-0.16,-0.16,-0.16,-0.16,-0.16,-0.16,-0.16,-0.16,-0.16,-0.16,-0.16,-0.16,-0.16,-0.16,-0.16,-0.16,-0.16,-0.16,-0.16,-0.16,-0.16,-0.16,-0.16,-0.16,-0.16,-0.16,-0.16,-0.16,-0.16,-0.16,-0.16,-0.16,-0.16,-0.16,-0.16,-0.16,-0.16,-0.16,-0.16,-0.16,-0.16,-0.16,-0.16,-0.16,-0.16,-0.16,-0.16,-0.16,-0.16,-0.16,-0.16,-0.16,-0.16,-0.16,-0.16,-0.16,-0.16,-0.16,-0.16,-0.16,-0.16,-0.16,-0.16,-0.16,-0.16,-0.16,-0.16,-0.16,-0.16,-0.16,-0.16,-0.16,-0.16,-0.16,-0.16,-0.16,-0.16,-0.16,-0.16,-0.16,-0.16,-0.16,-0.16,-0.16,-0.16,-0.16,-0.16,-0.16,-0.16,-0.16,-0.16,-0.16,-0.16,-0.16,-0.16,-0.16,-0.16,-0.16,-0.16
PARAM_ARM_R=0,0,-0.001,-0.003,-0.005,-0.008,-0.012,-0.016,-0.021,-0.026,-0.032,-0.038,-0.045,-0.053,-0.061,-0.069,-0.078,-0.087,-0.097,-0.107,-0.117,-0.128,-0.14,-0.151,-0.163,-0.175,-0.188,-0.201,-0.214,-0.228,-0.241,-0.255,-0.269,-0.284,-0.298,-0.313,-0.328,-0.343,-0.358,-0.373,-0.388,-0.404,-0.419,-0.435,-0.451,-0.467,-0.482,-0.498,-0.514,-0.53,-0.545,-0.561,-0.576,-0.592,-0.607,-0.623,-0.638,-0.653,-0.668,-0.683,-0.698,-0.712,-0.726,-0.74,-0.754,-0.768,-0.781,-0.794,-0.807,-0.819,-0.832,-0.843,-0.855,-0.866,-0.877,-0.888,-0.898,-0.908,-0.917,-0.926,-0.934,-0.942,-0.95,-0.957,-0.964,-0.97,-0.975,-0.98,-0.985,-0.989,-0.992,-0.995,-0.997,-0.999,-1,-1,-1,-1,-0.999,-0.998,-0.997,-0.996,-0.995,-0.993,-0.991,-0.989,-0.987,-0.984,-0.981,-0.978,-0.975,-0.972,-0.968,-0.964,-0.96,-0.955,-0.951,-0.946,-0.941,-0.935,-0.93,-0.924,-0.918,-0.911,-0.905,-0.898,-0.891,-0.883,-0.876,-0.868,-0.86,-0.851,-0.842,-0.833,-0.824,-0.815,-0.805,-0.795,-0.785,-0.775,-0.764,-0.753,-0.741,-0.73,-0.718,-0.706,-0.693,-0.68,-0.667,-0.654,-0.641,-0.627,-0.613,-0.598,-0.584,-0.568,-0.553,-0.538,-0.522,-0.506,-0.489,-0.472,-0.455,-0.438,-0.42,-0.402,-0.384,-0.365,-0.346,-0.327,-0.307,-0.288,-0.267,-0.247,-0.23,-0.21,-0.18,-0.16,-0.14,-0.12,-0.09,-0.07,-0.05,-0.02,0,0.06,0.16,0.3,0.47,0.65,0.82,0.99,1.15,1.28,1.4,1.53,1.64,1.73,1.8,1.86,1.91,1.94,1.97,1.987,1.997,2,1.982,1.93,1.85,1.75,1.63,1.49,1.34,1.18,1.02,0.86,0.71,0.56,0.42,0.3,0.2,0.11,0.05,0.01,0,0,0,0,0,0,0,0,0,0,0,0,0,0,0,0,0,0,0,0,0,0,0,0,0,0,0,0,0
PARAM_HAIR_FRONT=0
PARAM_HAIR_FRONT_Y=0
PARAM_HAIR_SIDE=0
PARAM_HAIR_SIDE_Y=0
PARAM_HAIR_BACK=0
PARAM_HAIR_BACK_Y=0
PARAM_OPAISHAKE_X=0
PARAM_OPAISHAKE_Y=0
PARAM_SKIRT=0
PARAM_SKIRT_Y=0
PARAM_CLOTHES=0
PARAM_CLOTHES_Y=0
PARAM_MISK=0
PARAM_MISK_Y=0
PARAM_BAG_X=0
PARAM_BAG_Y=0
PARAM_W_X=0
PARAM_W_Y=0
PARAM_W_ZOOM=0
VISIBLE:PSD=1
VISIBLE:ROUGH=1
VISIBLE:PARTS_01_FACE_001=1
VISIBLE:PARTS_01_EYE_001=1
VISIBLE:PARTS_01_EYE_BALL_001=1
VISIBLE:PARTS_01_BROW_001=1
VISIBLE:PARTS_01_MOUTH_001=1
VISIBLE:PARTS_01_NOSE_001=1
VISIBLE:PARTS_01_EAR_001=1
VISIBLE:PARTS_01_HAIR_FRONT_001=1
VISIBLE:PARTS_01_HAIR_SIDE_001=1
VISIBLE:PARTS_01_HAIR_BACK_001=1
VISIBLE:PARTS_01_NECK=1
VISIBLE:PARTS_01_BODY=1
VISIBLE:PARTS_LEG=1
VISIBLE:PARTS_ARM=1
VISIBLE:PARTS_01_BACKGROUND=1
VISIBLE:PARTS_01_SKETCH=1
VISIBLE:PARTS_MISK=1
VISIBLE:PARTS_01_FROZEN=1
VISIBLE:PARTS_HITBOX=1